ID,score_tag,agreement,subjectivity,confidence,irony,happy,angry,bored,fear,sad,excited,Class
1,P,DISAGREEMENT,SUBJECTIVE,86,NONIRONIC,0.220926713,0.200280017,0.050860928,0.127192179,0.137100732,0.169851274,1
2,P,DISAGREEMENT,SUBJECTIVE,76,IRONIC,0.089605743,0.186209282,0.076196199,0.269985999,0.275841404,0.102161373,0
3,P,DISAGREEMENT,SUBJECTIVE,86,NONIRONIC,0.056083918,0.337662481,0.123160872,0.188343289,0.228421734,0.066327705,1
4,N,DISAGREEMENT,OBJECTIVE,84,NONIRONIC,0.044480133,0.249139457,0.08433114,0.223564722,0.327372132,0.071112416,1
5,N,AGREEMENT,OBJECTIVE,100,NONIRONIC,0.045455429,0.295509559,0.035178709,0.237420396,0.306869279,0.08018365,1
6,NEU,DISAGREEMENT,SUBJECTIVE,76,IRONIC,0.172215675,0.234989871,0.065389575,0.156412464,0.099669822,0.299519377,0
7,P,DISAGREEMENT,SUBJECTIVE,86,NONIRONIC,0.10421782,0.101705184,0.112729979,0.401048651,0.136634849,0.193061507,1
8,P,DISAGREEMENT,SUBJECTIVE,84,NONIRONIC,0.309461283,0.115672523,0.033147805,0.095182916,0.05691702,0.491201468,0
9,P,DISAGREEMENT,SUBJECTIVE,76,IRONIC,0.209470841,0.133818498,0.064274173,0.211267222,0.142638726,0.23853054,0
10,NEU,DISAGREEMENT,SUBJECTIVE,86,NONIRONIC,0.171111338,0.191954514,0.063464889,0.18688816,0.140058474,0.246522626,0
11,NEU,DISAGREEMENT,SUBJECTIVE,86,NONIRONIC,0.155347985,0.225763592,0.053375155,0.15736668,0.08775013,0.320396458,0
12,N,DISAGREEMENT,SUBJECTIVE,86,NONIRONIC,0.130059976,0.199083775,0.111385188,0.242816998,0.189353481,0.230385225,0
13,N,DISAGREEMENT,SUBJECTIVE,86,NONIRONIC,0.080656315,0.260295773,0.097083484,0.204485985,0.184203872,0.17327457,1
14,N,DISAGREEMENT,OBJECTIVE,94,NONIRONIC,0.09400314,0.304144715,0.065423102,0.189300456,0.137466752,0.209661835,1
15,P,DISAGREEMENT,SUBJECTIVE,86,NONIRONIC,0.131890049,0.17809056,0.138457186,0.188688349,0.183690311,0.179183546,0
16,NEU,DISAGREEMENT,SUBJECTIVE,86,NONIRONIC,0.192751958,0.231795029,0.048587285,0.169728848,0.162005483,0.195131397,0
17,NEU,DISAGREEMENT,SUBJECTIVE,86,NONIRONIC,0.1835804,0.168309133,0.094217761,0.14262738,0.20686374,0.204401586,1
18,N,DISAGREEMENT,SUBJECTIVE,83,NONIRONIC,0.079988341,0.352512509,0.023401708,0.187973408,0.082403401,0.273720633,1
19,P,DISAGREEMENT,SUBJECTIVE,86,NONIRONIC,0.116430204,0.33974117,0.051560081,0.163611399,0.114317127,0.214340019,0
20,P,DISAGREEMENT,SUBJECTIVE,86,NONIRONIC,0.071770276,0.396142581,0.045799453,0.18282175,0.199315417,0.104150522,1
21,P,DISAGREEMENT,SUBJECTIVE,92,NONIRONIC,0.180818939,0.144107474,0.053199154,0.250946433,0.146915605,0.224012395,0
22,N,DISAGREEMENT,SUBJECTIVE,86,NONIRONIC,0.214786883,0.26029294,0.041400008,0.14622312,0.136715145,0.200581905,0
23,N,DISAGREEMENT,SUBJECTIVE,84,NONIRONIC,0.049790387,0.395340424,0.11052447,0.183459495,0.155621249,0.105263976,1
24,N,DISAGREEMENT,SUBJECTIVE,86,NONIRONIC,0.056603815,0.279021664,0.015708321,0.315870873,0.214320503,0.118474825,0
25,NEU,DISAGREEMENT,SUBJECTIVE,86,NONIRONIC,0.141958234,0.248130519,0.048989502,0.20186258,0.089724131,0.269335034,1
26,N,DISAGREEMENT,SUBJECTIVE,74,IRONIC,0.171215905,0.294122568,0.048576113,0.14557335,0.103423003,0.237089061,0
27,N,DISAGREEMENT,SUBJECTIVE,86,NONIRONIC,0.059960393,0.319318294,0.110398116,0.209244555,0.164174288,0.136904355,1
28,N,DISAGREEMENT,SUBJECTIVE,86,NONIRONIC,0.146625135,0.275486506,0.065934654,0.155205766,0.159280828,0.197467111,0
29,N,DISAGREEMENT,SUBJECTIVE,76,IRONIC,0.1257944,0.2757002,0.064621675,0.170875407,0.133082867,0.229925452,0
30,P,DISAGREEMENT,SUBJECTIVE,84,NONIRONIC,0.287419387,0.174070153,0.028707055,0.185902581,0.118409656,0.205491167,1
31,NEU,DISAGREEMENT,SUBJECTIVE,86,NONIRONIC,0.139356997,0.172010706,0.21626073,0.221772431,0.152170587,0.09842855,0
32,P,DISAGREEMENT,SUBJECTIVE,76,IRONIC,0.174734905,0.222107727,0.044269413,0.169546909,0.14347008,0.245870966,0
33,NEU,DISAGREEMENT,SUBJECTIVE,73,IRONIC,0.088937244,0.246644983,0.06875442,0.197598311,0.261222008,0.136843034,0
34,N,DISAGREEMENT,SUBJECTIVE,76,IRONIC,0.096620435,0.357580882,0.109151371,0.154517863,0.127648469,0.15448098,0
35,NEU,DISAGREEMENT,SUBJECTIVE,73,IRONIC,0.032019372,0.364055803,0.096586868,0.181100798,0.248609987,0.077627172,1
36,NEU,DISAGREEMENT,SUBJECTIVE,74,IRONIC,0.129781466,0.154064997,0.112489245,0.26127405,0.127817217,0.214573025,1
37,N,DISAGREEMENT,SUBJECTIVE,86,NONIRONIC,0.094383549,0.425771474,0.067818718,0.118713184,0.12898963,0.164323446,0
38,N,DISAGREEMENT,SUBJECTIVE,84,NONIRONIC,0.079554766,0.233273275,0.02277008,0.361385996,0.207288145,0.095727739,0
39,P,DISAGREEMENT,SUBJECTIVE,76,IRONIC,0.191558323,0.136881897,0.027205043,0.233563801,0.260278305,0.150512631,0
40,P,DISAGREEMENT,SUBJECTIVE,86,NONIRONIC,0.16203773,0.13675086,0.057415782,0.274108107,0.160168485,0.265296884,1
41,NEU,DISAGREEMENT,SUBJECTIVE,86,NONIRONIC,0.06801734,0.345117695,0.048627167,0.184139862,0.249418224,0.104679713,0
42,N,DISAGREEMENT,SUBJECTIVE,86,NONIRONIC,0.140442259,0.413525264,0.050115165,0.125296744,0.147089423,0.123531146,1
43,P,DISAGREEMENT,SUBJECTIVE,91,NONIRONIC,0.127028648,0.105154236,0.094260113,0.288000357,0.15119913,0.234357516,0
44,P,DISAGREEMENT,SUBJECTIVE,83,NONIRONIC,0.045386017,0.467763634,0.071437396,0.153021992,0.177552141,0.08483882,0
45,P,DISAGREEMENT,SUBJECTIVE,91,NONIRONIC,0.388186724,0.060220054,0.041473408,0.094568664,0.094495977,0.321055174,1
46,N,DISAGREEMENT,SUBJECTIVE,86,NONIRONIC,0.041222076,0.355167855,0.058353625,0.171823633,0.302415238,0.071017573,0
47,P,DISAGREEMENT,SUBJECTIVE,86,NONIRONIC,0.207147104,0.144447029,0.072002119,0.170229748,0.080080368,0.326093633,1
48,N,DISAGREEMENT,SUBJECTIVE,91,NONIRONIC,0.306161459,0.11277117,0.058296765,0.171460958,0.130021782,0.221287866,1
49,N,DISAGREEMENT,SUBJECTIVE,86,NONIRONIC,0.096640195,0.480635175,0.047491211,0.12610305,0.095127288,0.154003082,0
50,NEU,DISAGREEMENT,SUBJECTIVE,76,IRONIC,0.218880341,0.105618631,0,0.209115563,0.08059983,0.385785636,0
51,P,DISAGREEMENT,SUBJECTIVE,76,IRONIC,0.149087246,0.20126284,0.054359148,0.214225101,0.194718529,0.186347136,0
52,NEU,DISAGREEMENT,SUBJECTIVE,76,IRONIC,0.043237141,0.434266536,0.118759082,0.128052272,0.221562385,0.054122584,0
53,P,DISAGREEMENT,SUBJECTIVE,76,IRONIC,0.203213101,0.16967877,0.106103711,0.199716196,0.122060357,0.199227865,1
54,NEU,DISAGREEMENT,SUBJECTIVE,86,NONIRONIC,0.083375509,0.255785589,0.05422493,0.256505696,0.198124835,0.151983441,0
55,NEU,DISAGREEMENT,SUBJECTIVE,76,IRONIC,0.162612327,0.124957144,0.060108179,0.275412054,0.166180608,0.210729689,0
56,NEU,DISAGREEMENT,SUBJECTIVE,74,IRONIC,0.201351045,0.188373305,0.029892232,0.160404272,0.177908544,0.242070602,1
57,NEU,DISAGREEMENT,SUBJECTIVE,73,IRONIC,0.0932092,0.18039476,0.018282191,0.313425846,0.27157064,0.123117362,0
58,P,DISAGREEMENT,SUBJECTIVE,86,NONIRONIC,0.180758838,0.184487134,0.059531946,0.181325649,0.08807589,0.305820543,1
59,N,DISAGREEMENT,OBJECTIVE,92,NONIRONIC,0.123064298,0.102431565,0.052740747,0.359457364,0.211989769,0.150316257,1
60,N,AGREEMENT,OBJECTIVE,100,NONIRONIC,0.140238367,0.226663096,0.0230258,0.103750893,0.069654197,0.436667648,1
61,N,DISAGREEMENT,SUBJECTIVE,91,NONIRONIC,0.035543287,0.407713667,0.047986544,0.195560854,0.25648481,0.056710838,1
62,NEU,DISAGREEMENT,SUBJECTIVE,86,NONIRONIC,0.068168962,0.15648434,0.075470923,0.340199613,0.232201793,0.12747437,0
63,NEU,DISAGREEMENT,SUBJECTIVE,86,NONIRONIC,0.168853761,0.145845308,0.07905042,0.213880781,0.181175604,0.211194126,0
64,P,DISAGREEMENT,SUBJECTIVE,86,NONIRONIC,0.279014661,0.130823687,0.062833031,0.230325972,0.059661364,0.237341284,0
65,N,AGREEMENT,OBJECTIVE,100,NONIRONIC,0.044318679,0.262868618,0.065234119,0.305359407,0.202874529,0.119344647,0
66,P,DISAGREEMENT,OBJECTIVE,94,NONIRONIC,0.372759986,0.133553475,0.011971146,0.108459702,0.035291787,0.337963904,0
67,P,DISAGREEMENT,SUBJECTIVE,81,NONIRONIC,0.16329061,0.290822375,0.054926109,0.123430308,0.138338262,0.229192336,0
68,P,DISAGREEMENT,OBJECTIVE,86,NONIRONIC,0.163343762,0.306104699,0.07616359,0.148537206,0.112335225,0.193515519,1
69,N,DISAGREEMENT,SUBJECTIVE,86,NONIRONIC,0.128314962,0.230521745,0.058916482,0.202963525,0.216852165,0.162431121,0
70,P,DISAGREEMENT,SUBJECTIVE,86,NONIRONIC,0.081462466,0.236123595,0.118439853,0.217242094,0.249264595,0.097467398,0
71,P,DISAGREEMENT,SUBJECTIVE,86,NONIRONIC,0.150603817,0.262409693,0.058281785,0.198076813,0.133515755,0.197112136,0
72,NEU,DISAGREEMENT,SUBJECTIVE,84,IRONIC,0.281461054,0.158370236,0.036640016,0.138856306,0.073054792,0.311617597,0
73,P,DISAGREEMENT,SUBJECTIVE,74,IRONIC,0.086584655,0.118367958,0.012109378,0.403774594,0.140632522,0.238530894,0
74,NEU,DISAGREEMENT,SUBJECTIVE,86,NONIRONIC,0.099591417,0.29703726,0.090632229,0.11936954,0.272802653,0.120566901,1
75,P,DISAGREEMENT,SUBJECTIVE,86,NONIRONIC,0.1332465,0.162748821,0.131996462,0.252013376,0.141381515,0.178613328,0
76,P,DISAGREEMENT,SUBJECTIVE,92,NONIRONIC,0.047620407,0.242181279,0.083188475,0.276589827,0.240128968,0.110291044,1
77,P,DISAGREEMENT,SUBJECTIVE,83,NONIRONIC,0.122527894,0.260044407,0.04595819,0.191276551,0.165454871,0.214738088,0
78,P,DISAGREEMENT,SUBJECTIVE,91,NONIRONIC,0.086228368,0.26823506,0.11052742,0.217981086,0.190951891,0.126076176,0
79,NEU,DISAGREEMENT,SUBJECTIVE,91,NONIRONIC,0.077398518,0.364327437,0.068464698,0.180635188,0.20970384,0.09947032,1
80,NEU,DISAGREEMENT,SUBJECTIVE,86,NONIRONIC,0.248643526,0.197120745,0.024122058,0.135762494,0.04698726,0.347363917,1
81,N,DISAGREEMENT,SUBJECTIVE,86,NONIRONIC,0.128858519,0.200570515,0.109012149,0.21860043,0.190197023,0.152761364,0
82,P,DISAGREEMENT,SUBJECTIVE,76,IRONIC,0.260386518,0.165203886,0.050413674,0.0854314,0.046343211,0.392221311,0
83,NONE,AGREEMENT,OBJECTIVE,100,NONIRONIC,0.18600386,0.162291589,0,0.322862947,0.152462332,0.176379272,1
84,P,DISAGREEMENT,SUBJECTIVE,86,NONIRONIC,0.26976797,0.036272528,0.006441607,0.040737026,0.026422832,0.620358036,0
85,NEU,DISAGREEMENT,SUBJECTIVE,76,IRONIC,0.056664653,0.169477075,0.267983088,0.198318903,0.177691018,0.129865263,0
86,N,DISAGREEMENT,SUBJECTIVE,83,NONIRONIC,0.073325707,0.311921502,0.05151285,0.221913166,0.203469782,0.137856993,1
87,NEU,DISAGREEMENT,OBJECTIVE,86,NONIRONIC,0.155028671,0.263716646,0.03636678,0.160830345,0.164595707,0.219461852,1
88,P,DISAGREEMENT,SUBJECTIVE,86,NONIRONIC,0.32051692,0.067178097,0.071117359,0.158181169,0.071201503,0.311804953,0
89,P,DISAGREEMENT,SUBJECTIVE,76,IRONIC,0.149557134,0.211804584,0.140643154,0.173338591,0.145421091,0.179235446,0
90,NEU,DISAGREEMENT,SUBJECTIVE,86,NONIRONIC,0.153141214,0.254343226,0.073852386,0.167631993,0.098232652,0.252798528,0
91,NEU,DISAGREEMENT,SUBJECTIVE,76,IRONIC,0.516255953,0.067895686,0.018148556,0.085794533,0.064654988,0.247250284,0
92,NEU,DISAGREEMENT,SUBJECTIVE,86,NONIRONIC,0.274314836,0.143051046,0.026149557,0.074838733,0.02651614,0.455129689,1
93,P,DISAGREEMENT,OBJECTIVE,91,NONIRONIC,0.106644994,0.258965548,0.074623279,0.211698209,0.098721978,0.249345992,1
94,P,DISAGREEMENT,SUBJECTIVE,76,IRONIC,0.33673395,0.053500737,0,0.185754486,0.065939664,0.358071164,0
95,P,DISAGREEMENT,SUBJECTIVE,86,NONIRONIC,0.182454233,0.138663304,0.034708858,0.201646179,0.106848071,0.335679356,0
96,NEU,DISAGREEMENT,SUBJECTIVE,86,NONIRONIC,0.081298933,0.19934589,0.137700287,0.226418565,0.209283859,0.145952467,0
97,N,DISAGREEMENT,SUBJECTIVE,86,NONIRONIC,0.063899787,0.26450003,0.121861602,0.182765423,0.229846097,0.137127062,0
98,N,DISAGREEMENT,SUBJECTIVE,86,NONIRONIC,0.130994838,0.154480948,0.073668231,0.206720938,0.30370202,0.130433025,0
99,P,DISAGREEMENT,SUBJECTIVE,92,NONIRONIC,0.134411429,0.106060792,0.367273279,0.181760191,0.154248374,0.056245934,1
100,P,DISAGREEMENT,SUBJECTIVE,74,IRONIC,0.089159185,0.106943656,0.044715237,0.129374413,0.518143019,0.111664491,0
101,N,AGREEMENT,OBJECTIVE,100,NONIRONIC,0.059904929,0.299785031,0.083592719,0.159873731,0.316444963,0.080398628,0
102,P,DISAGREEMENT,SUBJECTIVE,83,NONIRONIC,0.061511132,0.452871239,0.034334292,0.121942061,0.159379686,0.16996159,1
103,N,DISAGREEMENT,SUBJECTIVE,86,NONIRONIC,0.022018272,0.62715459,0.038691105,0.115226661,0.148287155,0.048622218,1
104,P,DISAGREEMENT,SUBJECTIVE,76,IRONIC,0.091302292,0.221244857,0.141457935,0.291718732,0.129990593,0.12428559,0
105,NEU,DISAGREEMENT,SUBJECTIVE,84,NONIRONIC,0.127050026,0.132762161,0.045260423,0.287341836,0.235606706,0.171978849,0
106,N,DISAGREEMENT,SUBJECTIVE,86,NONIRONIC,0.056291659,0.457477471,0.091281738,0.13546642,0.171800387,0.087682326,1
107,NEU,DISAGREEMENT,SUBJECTIVE,86,NONIRONIC,0.156693775,0.248765829,0.04403125,0.200791961,0.206544249,0.143172937,0
108,P,DISAGREEMENT,SUBJECTIVE,86,NONIRONIC,0.197030427,0.17096036,0.106470328,0.186232694,0.144721805,0.194584387,0
109,N,DISAGREEMENT,SUBJECTIVE,76,IRONIC,0.121583082,0.224488613,0.172976929,0.215526598,0.15779348,0.107631298,0
110,N,DISAGREEMENT,SUBJECTIVE,86,NONIRONIC,0.051885462,0.301976222,0.062503903,0.19960256,0.306383727,0.077648126,0
111,N,DISAGREEMENT,SUBJECTIVE,86,NONIRONIC,0.180807485,0.154953098,0.040828964,0.168926868,0.164180707,0.290302878,1
112,NEU,DISAGREEMENT,SUBJECTIVE,83,NONIRONIC,0.209569205,0.146368275,0.084057622,0.192814011,0.163377103,0.203813785,0
113,P,DISAGREEMENT,SUBJECTIVE,86,NONIRONIC,0.111800961,0.271963785,0.135749694,0.157992576,0.158714602,0.163778382,0
114,N,DISAGREEMENT,SUBJECTIVE,86,NONIRONIC,0.29175578,0.212433664,0.022616117,0.077586771,0.085147143,0.310460525,1
115,NEU,DISAGREEMENT,SUBJECTIVE,83,NONIRONIC,0.152734408,0.268491733,0.035788098,0.124111355,0.160606959,0.258267446,0
116,NEU,DISAGREEMENT,SUBJECTIVE,74,IRONIC,0.077770711,0.125265745,0,0.138608535,0.515006043,0.143348967,1
117,P,DISAGREEMENT,SUBJECTIVE,86,NONIRONIC,0.108645373,0.337750043,0.104875126,0.158660166,0.150676952,0.139392341,0
118,P,DISAGREEMENT,SUBJECTIVE,86,NONIRONIC,0.112312693,0.248686909,0.083744841,0.185110249,0.20047848,0.169666827,0
119,P,DISAGREEMENT,SUBJECTIVE,86,NONIRONIC,0.187332577,0.206719974,0.076723616,0.106826654,0.054707854,0.367689325,1
120,P,DISAGREEMENT,SUBJECTIVE,86,NONIRONIC,0.207799169,0.196444752,0.038033962,0.15136277,0.091768273,0.314591075,0
121,P,DISAGREEMENT,SUBJECTIVE,76,IRONIC,0.09489274,0.20182058,0.161856615,0.203071126,0.168920376,0.169438563,0
122,NEU,DISAGREEMENT,SUBJECTIVE,86,NONIRONIC,0.244038817,0.166397971,0.082290943,0.149085107,0.124488032,0.233699131,0
123,N,DISAGREEMENT,SUBJECTIVE,94,NONIRONIC,0.060390878,0.165317785,0.121841043,0.219620733,0.356836025,0.075993536,0
124,P,DISAGREEMENT,SUBJECTIVE,76,IRONIC,0.088997037,0.288096209,0.021842815,0.275138864,0.243449951,0.082475125,1
125,NEU,DISAGREEMENT,SUBJECTIVE,91,NONIRONIC,0.194754774,0.139231923,0.059282129,0.198566608,0.123812643,0.284351924,1
126,P,DISAGREEMENT,SUBJECTIVE,81,NONIRONIC,0.216436632,0.081768417,0.01073412,0.080781706,0.020769413,0.589509712,1
127,P,DISAGREEMENT,SUBJECTIVE,86,NONIRONIC,0.032541856,0.257835922,0.052664097,0.295498948,0.269104446,0.092354732,0
128,P,DISAGREEMENT,SUBJECTIVE,73,IRONIC,0.224735159,0.23925727,0.038450878,0.107776373,0.085337603,0.304442716,0
129,N,DISAGREEMENT,SUBJECTIVE,86,NONIRONIC,0.109221763,0.340399117,0.063122755,0.164580071,0.194837516,0.127838779,1
130,N,DISAGREEMENT,SUBJECTIVE,86,NONIRONIC,0.107534891,0.301626764,0.038623832,0.171558954,0.266558631,0.114096928,0
131,P,DISAGREEMENT,SUBJECTIVE,86,NONIRONIC,0.092189923,0.273316398,0.127067453,0.199839677,0.200672857,0.102161373,1
132,P,DISAGREEMENT,SUBJECTIVE,83,NONIRONIC,0.168007565,0.235472039,0.055689566,0.180475029,0.159986984,0.200368818,0
133,N,DISAGREEMENT,SUBJECTIVE,92,NONIRONIC,0.100935738,0.337844344,0.077463167,0.151106811,0.175095412,0.157554527,0
134,P,DISAGREEMENT,SUBJECTIVE,76,IRONIC,0.071437853,0.175189473,0.125702725,0.378870928,0.044020796,0.204778224,0
135,P,DISAGREEMENT,SUBJECTIVE,76,IRONIC,0.057077467,0.32322567,0.046818666,0.165060376,0.337182377,0.070635444,0
136,P,DISAGREEMENT,SUBJECTIVE,83,NONIRONIC,0.186103902,0.18429522,0.040671626,0.187716185,0.088200692,0.313012376,0
137,NEU,DISAGREEMENT,SUBJECTIVE,86,NONIRONIC,0.043759428,0.513915617,0.037870342,0.149202352,0.122414193,0.132838068,0
138,NEU,DISAGREEMENT,SUBJECTIVE,86,NONIRONIC,0.181518563,0.161416678,0.072934135,0.178275321,0.13438447,0.271470833,0
139,P,DISAGREEMENT,SUBJECTIVE,86,NONIRONIC,0.216905812,0.239776001,0.041460165,0.129593143,0.081079026,0.291185854,0
140,NEU,DISAGREEMENT,SUBJECTIVE,84,NONIRONIC,0.09692533,0.344321675,0.07378928,0.156894226,0.192375429,0.135694059,1
141,NEU,DISAGREEMENT,SUBJECTIVE,86,NONIRONIC,0.148293154,0.236763576,0.066609602,0.171805884,0.145789688,0.230738098,0
142,NEU,DISAGREEMENT,SUBJECTIVE,83,NONIRONIC,0.195765982,0.129688203,0.169705542,0.167840541,0.129203305,0.207796428,1
143,NEU,DISAGREEMENT,SUBJECTIVE,86,NONIRONIC,0.18104484,0.287304499,0,0.142576021,0.122424537,0.266650102,1
144,NEU,DISAGREEMENT,SUBJECTIVE,86,NONIRONIC,0.274822892,0.132617328,0.066241201,0.120658334,0.076750918,0.328909328,1
145,NEU,DISAGREEMENT,SUBJECTIVE,84,NONIRONIC,0.131618794,0.232536724,0.168512751,0.166168932,0.154768937,0.146393862,1
146,N,DISAGREEMENT,SUBJECTIVE,86,NONIRONIC,0.034297494,0.533909088,0.03096828,0.126256501,0.235488654,0.039079983,0
147,P,DISAGREEMENT,SUBJECTIVE,86,NONIRONIC,0.231821073,0.142595963,0.055225798,0.145642916,0.086152367,0.338561884,0
148,P,DISAGREEMENT,SUBJECTIVE,82,IRONIC,0.280620081,0.184434288,0.050623242,0.177250239,0.096605679,0.210466472,1
149,N,DISAGREEMENT,SUBJECTIVE,86,NONIRONIC,0.057560567,0.28598856,0.057938745,0.240245008,0.271948323,0.086318797,0
150,P,DISAGREEMENT,SUBJECTIVE,86,NONIRONIC,0.039623724,0.352653547,0.032900297,0.09818332,0.168160803,0.308478308,1
151,P,DISAGREEMENT,SUBJECTIVE,86,NONIRONIC,0.159175134,0.156308586,0.063635492,0.228452656,0.139846513,0.252581618,1
152,NONE,AGREEMENT,OBJECTIVE,100,NONIRONIC,0.362771185,0.04343593,0.013526945,0.109953175,0.030799189,0.439513576,1
153,P,DISAGREEMENT,SUBJECTIVE,92,NONIRONIC,0.103656828,0.235781247,0.047500486,0.216961432,0.165521275,0.236289772,0
154,N,DISAGREEMENT,SUBJECTIVE,84,NONIRONIC,0.130873383,0.295281774,0.068660443,0.13602576,0.084986985,0.284171655,1
155,N,DISAGREEMENT,OBJECTIVE,94,NONIRONIC,0.185739117,0.170196027,0.027993162,0.155743746,0.296760731,0.163567218,1
156,P,DISAGREEMENT,SUBJECTIVE,86,NONIRONIC,0.218523312,0.063615382,0.026121801,0.219726336,0.224959475,0.247053695,0
157,NEU,DISAGREEMENT,SUBJECTIVE,86,NONIRONIC,0.08083779,0.32167069,0.086393693,0.163167547,0.171094267,0.176836013,1
158,N,DISAGREEMENT,SUBJECTIVE,84,NONIRONIC,0.070172078,0.206184077,0.152811673,0.204909501,0.254365138,0.111557533,0
159,P,DISAGREEMENT,SUBJECTIVE,86,NONIRONIC,0.449383051,0.078447135,0.005051356,0.059666881,0.012248075,0.395203502,0
160,N,DISAGREEMENT,SUBJECTIVE,86,NONIRONIC,0.224410512,0.149904866,0.081170273,0.169934521,0.105711404,0.268868425,1
161,N,DISAGREEMENT,SUBJECTIVE,86,NONIRONIC,0.075541215,0.239200381,0.065489733,0.224351373,0.249642938,0.145774359,0
162,P,DISAGREEMENT,SUBJECTIVE,86,NONIRONIC,0.114737183,0.207562681,0.050263897,0.20187065,0.256106462,0.169459126,0
163,NEU,DISAGREEMENT,SUBJECTIVE,91,NONIRONIC,0.066810222,0.429140168,0.180551179,0.107428804,0.12563817,0.090431457,1
164,P,DISAGREEMENT,SUBJECTIVE,86,NONIRONIC,0.025713517,0.143776173,0.535484879,0.130487538,0.126359195,0.038178698,0
165,P,DISAGREEMENT,SUBJECTIVE,84,NONIRONIC,0.160625684,0.257875587,0.07367317,0.136087963,0.128652265,0.243085331,0
166,NEU,DISAGREEMENT,SUBJECTIVE,76,IRONIC,0.156014615,0.170511114,0.080556371,0.221027419,0.184020625,0.187869856,0
167,P,DISAGREEMENT,SUBJECTIVE,86,NONIRONIC,0.09578892,0.310784872,0,0.215447437,0.18531401,0.19266476,1
168,NEU,DISAGREEMENT,SUBJECTIVE,91,NONIRONIC,0.04139863,0.503264292,0.067306301,0.158169567,0.137298697,0.092562515,1
169,NEU,DISAGREEMENT,SUBJECTIVE,90,NONIRONIC,0.17137204,0.089782345,0.029492021,0.275306106,0.10455988,0.329487609,1
170,P,DISAGREEMENT,SUBJECTIVE,84,IRONIC,0.153775905,0.256791514,0.029137587,0.211077696,0.173393055,0.175824243,1
171,NEU,DISAGREEMENT,SUBJECTIVE,86,NONIRONIC,0.045359407,0.163902782,0.109103505,0.371576949,0.225386439,0.084670918,1
172,NEU,DISAGREEMENT,SUBJECTIVE,76,IRONIC,0.191891772,0.217274278,0.073502422,0.138113585,0.160754179,0.218463764,0
173,N,DISAGREEMENT,SUBJECTIVE,73,IRONIC,0.076527449,0.35263696,0.0216896,0.267692444,0.160196669,0.121256879,0
174,N,DISAGREEMENT,SUBJECTIVE,74,IRONIC,0.140649421,0.158807232,0.037048686,0.101215072,0.072988707,0.489290881,1
175,NEU,DISAGREEMENT,SUBJECTIVE,86,NONIRONIC,0.269625901,0.100082696,0.162870679,0.107343787,0.042839025,0.317237913,0
176,NEU,DISAGREEMENT,SUBJECTIVE,86,NONIRONIC,0.072501061,0.325054392,0.0564803,0.214255365,0.240376313,0.091332569,0
177,P,DISAGREEMENT,SUBJECTIVE,84,NONIRONIC,0.089465052,0.070658977,0.477016785,0.104293943,0.118588153,0.139977089,0
178,P,DISAGREEMENT,SUBJECTIVE,86,NONIRONIC,0.115235083,0.298115314,0.061989427,0.150629356,0.203861397,0.170169423,1
179,P,DISAGREEMENT,SUBJECTIVE,86,NONIRONIC,0.268355895,0.126281269,0.035810941,0.174423373,0.085612776,0.309515746,0
180,P,DISAGREEMENT,SUBJECTIVE,86,NONIRONIC,0.167879137,0.193550843,0.078918488,0.236193133,0.164366797,0.159091601,0
181,N,DISAGREEMENT,SUBJECTIVE,86,NONIRONIC,0.107073026,0.270999785,0.1418707,0.176362965,0.200405702,0.103287822,1
182,N,DISAGREEMENT,SUBJECTIVE,94,NONIRONIC,0.059295492,0.424260074,0.072351728,0.174946644,0.124592948,0.144553113,0
183,P,DISAGREEMENT,SUBJECTIVE,92,NONIRONIC,0.210231346,0.088603898,0.040485218,0.108541947,0.01776315,0.53437444,1
184,P,DISAGREEMENT,SUBJECTIVE,74,IRONIC,0.402940384,0.051168014,0.018062974,0.07346653,0.08893306,0.365429039,1
185,P,DISAGREEMENT,SUBJECTIVE,84,NONIRONIC,0.25988817,0.211078143,0.04859125,0.114325388,0.064191782,0.301925267,0
186,N,DISAGREEMENT,OBJECTIVE,86,NONIRONIC,0.138849369,0.247117172,0.035768112,0.196481948,0.143752696,0.238030703,0
187,N,DISAGREEMENT,OBJECTIVE,92,NONIRONIC,0.306375848,0.130422024,0,0.155586455,0.119769284,0.287846389,1
188,N,DISAGREEMENT,SUBJECTIVE,86,NONIRONIC,0.129388236,0.230388383,0.059819614,0.191232283,0.194312894,0.194858589,1
189,NEU,DISAGREEMENT,SUBJECTIVE,86,NONIRONIC,0.076233784,0.287341765,0.051631405,0.182980216,0.320239548,0.081573282,1
190,N,DISAGREEMENT,SUBJECTIVE,76,IRONIC,0.060424703,0.128013786,0.011829833,0.232352856,0.504887906,0.062490916,1
191,P,DISAGREEMENT,SUBJECTIVE,86,NONIRONIC,0.163791587,0.113711972,0.105793602,0.288587916,0.126226484,0.201888439,0
192,P,DISAGREEMENT,SUBJECTIVE,86,NONIRONIC,0.104320085,0.215623943,0.136725205,0.188458738,0.229301202,0.125570828,0
193,P,DISAGREEMENT,SUBJECTIVE,94,NONIRONIC,0.189644375,0.226109239,0.046254331,0.164106511,0.115551304,0.258334241,1
194,P,DISAGREEMENT,SUBJECTIVE,91,NONIRONIC,0.050844437,0.206421695,0.0202532,0.437329915,0.223828615,0.061322139,0
195,P,DISAGREEMENT,SUBJECTIVE,86,NONIRONIC,0.140659827,0.312865997,0.03511334,0.15016518,0.131971198,0.229224459,0
196,N,DISAGREEMENT,OBJECTIVE,94,NONIRONIC,0.255419699,0.099161586,0.074146965,0.140232461,0.122573137,0.308466152,1
197,P,DISAGREEMENT,SUBJECTIVE,94,NONIRONIC,0.320652436,0.152116885,0,0.159490053,0.174718278,0.193022348,1
198,N,DISAGREEMENT,SUBJECTIVE,84,NONIRONIC,0.191313972,0.245631776,0.042522223,0.197858884,0.137346394,0.185326751,0
199,P,DISAGREEMENT,OBJECTIVE,94,NONIRONIC,0.185254048,0.307145667,0.096675731,0.115667511,0.122571458,0.172685585,0
200,P,DISAGREEMENT,SUBJECTIVE,86,NONIRONIC,0.471972177,0.058820025,0.014015749,0.050100187,0.020314381,0.384777481,1
201,P,DISAGREEMENT,SUBJECTIVE,86,NONIRONIC,0.098027691,0.384319967,0.046293945,0.190884272,0.129606795,0.15086733,1
202,N,DISAGREEMENT,SUBJECTIVE,73,IRONIC,0.269015423,0.151955713,0,0.152953796,0.174548818,0.25152625,1
203,NEU,DISAGREEMENT,SUBJECTIVE,76,IRONIC,0.196027577,0.080842906,0.028949946,0.288661344,0.142032308,0.26348592,0
204,P,DISAGREEMENT,SUBJECTIVE,94,NONIRONIC,0.146178008,0.213941147,0.055925508,0.165538187,0.104572328,0.313844823,0
205,P,DISAGREEMENT,SUBJECTIVE,92,NONIRONIC,0.061170411,0.382505915,0.090192368,0.186319952,0.186934028,0.092877327,0
206,NEU,DISAGREEMENT,SUBJECTIVE,86,NONIRONIC,0.225570746,0.102496684,0.059045652,0.192681016,0.070701331,0.349504572,0
207,NEU,DISAGREEMENT,SUBJECTIVE,86,NONIRONIC,0.124366984,0.258068211,0.04582766,0.217589101,0.182402129,0.171745916,0
208,P,AGREEMENT,SUBJECTIVE,92,NONIRONIC,0.125679084,0.289191041,0.054059082,0.180860284,0.146586984,0.203623526,1
209,N,DISAGREEMENT,SUBJECTIVE,76,IRONIC,0.164842486,0.315874559,0.011392546,0.068424754,0.022929516,0.416536138,1
210,N,DISAGREEMENT,SUBJECTIVE,76,IRONIC,0.023978108,0.526698027,0.034979275,0.188309045,0.179032169,0.047003376,1
211,NEU,DISAGREEMENT,SUBJECTIVE,83,NONIRONIC,0.238626273,0.096827601,0,0.122938351,0.130962514,0.410645262,0
212,P,DISAGREEMENT,SUBJECTIVE,86,NONIRONIC,0.149233621,0.242574464,0.052589794,0.158830925,0.114089027,0.28268217,1
213,N,DISAGREEMENT,SUBJECTIVE,84,NONIRONIC,0.067724294,0.390278644,0.102896301,0.142714787,0.195514894,0.100871081,1
214,NEU,DISAGREEMENT,SUBJECTIVE,91,NONIRONIC,0.34418396,0.061462864,0.017145532,0.112093782,0.053748961,0.411364902,0
215,NEU,DISAGREEMENT,SUBJECTIVE,86,NONIRONIC,0.104774199,0.22080055,0.108870385,0.240415736,0.167572025,0.157567105,0
216,N,DISAGREEMENT,SUBJECTIVE,83,NONIRONIC,0.066850155,0.405201941,0.079806902,0.17536355,0.142187809,0.130589644,0
217,P,DISAGREEMENT,SUBJECTIVE,86,NONIRONIC,0.164510053,0.193809171,0.031214799,0.197621439,0.214301733,0.198542806,0
218,NEU,DISAGREEMENT,SUBJECTIVE,86,NONIRONIC,0.149817828,0.253773286,0.051793012,0.180954841,0.111708155,0.251952879,1
219,N,DISAGREEMENT,SUBJECTIVE,86,NONIRONIC,0.115806448,0.11068332,0.356566503,0.129075981,0.145803277,0.142064471,1
220,N,DISAGREEMENT,SUBJECTIVE,86,NONIRONIC,0.048153149,0.306647714,0.119829013,0.205763985,0.213508012,0.106098127,0
221,P,DISAGREEMENT,SUBJECTIVE,83,NONIRONIC,0.161003033,0.172027126,0.09085468,0.209973557,0.195627789,0.170513814,0
222,P,DISAGREEMENT,SUBJECTIVE,92,NONIRONIC,0.113935341,0.362390147,0.051607554,0.170857855,0.135871869,0.165337235,0
223,NEU,DISAGREEMENT,SUBJECTIVE,86,NONIRONIC,0.39829799,0.106212067,0,0.143467386,0.076166728,0.27585583,1
224,NEU,DISAGREEMENT,SUBJECTIVE,86,NONIRONIC,0.157199299,0.314484467,0.029944996,0.170457787,0.177037901,0.15087555,1
225,NEU,DISAGREEMENT,SUBJECTIVE,86,NONIRONIC,0.089378907,0.286723052,0.050504382,0.174913469,0.113080606,0.285399585,1
226,N,DISAGREEMENT,SUBJECTIVE,86,NONIRONIC,0.184578342,0.224149514,0.037822953,0.169082187,0.135587487,0.248779517,0
227,NEU,DISAGREEMENT,SUBJECTIVE,86,NONIRONIC,0.323024959,0.102920847,0,0.132847908,0.058312086,0.3828942,0
228,NEU,DISAGREEMENT,SUBJECTIVE,86,NONIRONIC,0.165802635,0.293512712,0.057523804,0.148373549,0.147538255,0.187249046,0
229,N,DISAGREEMENT,SUBJECTIVE,86,NONIRONIC,0.252588281,0.189039443,0.043806117,0.186119745,0.117127065,0.21131935,0
230,P,DISAGREEMENT,SUBJECTIVE,92,NONIRONIC,0.102868944,0.180975637,0.136582724,0.259670861,0.191491007,0.128410827,0
231,P,DISAGREEMENT,SUBJECTIVE,94,NONIRONIC,0.412062326,0.058385269,0.007652012,0.068423657,0.017648943,0.435827794,1
232,P,DISAGREEMENT,SUBJECTIVE,76,IRONIC,0.123840676,0.295968239,0.078223174,0.159957825,0.134124743,0.207885343,0
233,NEU,DISAGREEMENT,SUBJECTIVE,94,NONIRONIC,0.24699612,0.191491546,0.021816443,0.135902029,0.099247164,0.304546697,1
234,P,DISAGREEMENT,SUBJECTIVE,86,NONIRONIC,0.130051339,0.154651696,0.088403636,0.262083288,0.222714886,0.142095156,0
235,P,AGREEMENT,OBJECTIVE,100,NONIRONIC,0.183464631,0.116180038,0.027144567,0.255462675,0.11385709,0.303891,1
236,N,DISAGREEMENT,SUBJECTIVE,86,NONIRONIC,0.2441365,0.154134987,0.028508719,0.164411211,0.147547714,0.261260871,1
237,N,AGREEMENT,SUBJECTIVE,100,NONIRONIC,0.100638829,0.101640931,0.038848355,0.130118988,0.57438944,0.054363458,1
238,P,AGREEMENT,OBJECTIVE,100,NONIRONIC,0.245597722,0.187939464,0.036524509,0.079432471,0.105849429,0.344656405,1
239,P,DISAGREEMENT,SUBJECTIVE,76,IRONIC,0.143279219,0.157701781,0.094388667,0.273829652,0.147838476,0.182962205,0
240,P,DISAGREEMENT,SUBJECTIVE,92,NONIRONIC,0.126688247,0.165563057,0.025285064,0.187437641,0.115918431,0.379107561,0
241,N,DISAGREEMENT,SUBJECTIVE,86,NONIRONIC,0.015347754,0.230314238,0.137150798,0.126102636,0.473690484,0.017394091,1
242,N,DISAGREEMENT,SUBJECTIVE,86,NONIRONIC,0.275514042,0.099009889,0.222824736,0.097111294,0.028013573,0.277526466,0
243,N,DISAGREEMENT,SUBJECTIVE,86,NONIRONIC,0.169102287,0.128369252,0.025006003,0.116807066,0.453468281,0.107247111,0
244,N,DISAGREEMENT,SUBJECTIVE,73,IRONIC,0.056141128,0.242219953,0.08307849,0.275952492,0.195042511,0.147565427,0
245,N,DISAGREEMENT,SUBJECTIVE,86,NONIRONIC,0.09667486,0.336263156,0.120686887,0.168526517,0.181263047,0.096585533,1
246,NEU,DISAGREEMENT,SUBJECTIVE,76,IRONIC,0.065606634,0.300036127,0.042935205,0.214223788,0.294660881,0.082537365,1
247,NEU,DISAGREEMENT,SUBJECTIVE,86,NONIRONIC,0.051361444,0.213985231,0.12563436,0.245317952,0.259641524,0.104059491,1
248,NEU,DISAGREEMENT,SUBJECTIVE,86,NONIRONIC,0.226275738,0.145272358,0.024890447,0.138939735,0.114020414,0.350601308,0
249,N,DISAGREEMENT,SUBJECTIVE,86,NONIRONIC,0.261608981,0.226879287,0.033415503,0.120306852,0.11288647,0.244902906,0
250,P,DISAGREEMENT,SUBJECTIVE,83,NONIRONIC,0.120818003,0.316511639,0.064937615,0.179417796,0.16144817,0.156866777,0
251,NEU,DISAGREEMENT,SUBJECTIVE,94,NONIRONIC,0.193356976,0.211142787,0.058382739,0.134783749,0.072547548,0.329786202,0
252,P,DISAGREEMENT,SUBJECTIVE,86,NONIRONIC,0.291568958,0.090015835,0.025836961,0.105915229,0.077005833,0.409657184,1
253,N,DISAGREEMENT,OBJECTIVE,94,NONIRONIC,0.04508125,0.343468367,0.266665692,0.123034496,0.137050386,0.084699809,1
254,NEU,DISAGREEMENT,SUBJECTIVE,86,NONIRONIC,0.219840793,0.152144088,0.076760429,0.142947424,0.085806772,0.322500495,1
255,P,DISAGREEMENT,SUBJECTIVE,94,NONIRONIC,0.089842461,0.233846474,0.076770503,0.27042192,0.224629175,0.104489468,0
256,NEU,DISAGREEMENT,SUBJECTIVE,84,NONIRONIC,0.204694693,0.137115014,0.057382855,0.215773346,0.101659426,0.283374666,0
257,P,DISAGREEMENT,SUBJECTIVE,86,NONIRONIC,0.278419863,0.12639008,0.040863011,0.190656555,0.128130044,0.235540447,0
258,P,DISAGREEMENT,SUBJECTIVE,92,NONIRONIC,0.374758686,0.095934696,0,0.107493028,0.137522282,0.284291308,1
259,NEU,DISAGREEMENT,SUBJECTIVE,86,NONIRONIC,0.081725151,0.343245436,0.093975045,0.140619818,0.253059005,0.087375545,0
260,NEU,DISAGREEMENT,SUBJECTIVE,76,IRONIC,0.056125023,0.323888803,0.081714923,0.182579719,0.271725288,0.083966245,1
261,P,DISAGREEMENT,SUBJECTIVE,86,NONIRONIC,0.120494862,0.26819096,0.139245393,0.171630804,0.175848579,0.124589403,0
262,P,DISAGREEMENT,SUBJECTIVE,92,NONIRONIC,0.250754004,0.052960124,0.01071364,0.127304975,0.011538182,0.546729076,1
263,P,DISAGREEMENT,SUBJECTIVE,86,NONIRONIC,0.289184117,0.172130419,0.045645321,0.111569801,0.076084175,0.305386167,0
264,NEU,DISAGREEMENT,SUBJECTIVE,76,IRONIC,0.147836434,0.140626626,0.102247816,0.228303888,0.124184241,0.256800996,0
265,NEU,DISAGREEMENT,SUBJECTIVE,86,NONIRONIC,0.068381183,0.305711999,0.15622153,0.197458277,0.192378736,0.079848276,0
266,N,DISAGREEMENT,SUBJECTIVE,94,NONIRONIC,0.149764454,0.21022409,0.075480977,0.217503111,0.17704978,0.169977589,1
267,NEU,DISAGREEMENT,SUBJECTIVE,94,NONIRONIC,0.199352639,0.167380967,0,0.25174099,0.122934916,0.258594881,1
268,NEU,DISAGREEMENT,SUBJECTIVE,76,IRONIC,0.109126762,0.329705706,0.060749372,0.173327593,0.138050249,0.189040318,0
269,P,DISAGREEMENT,SUBJECTIVE,84,IRONIC,0.054145518,0.231034854,0.114338253,0.24236835,0.297059752,0.061053272,1
270,NEU,DISAGREEMENT,SUBJECTIVE,76,IRONIC,0.066926557,0.39414688,0.065395588,0.171641551,0.151730389,0.150159036,1
271,NEU,DISAGREEMENT,OBJECTIVE,94,NONIRONIC,0.106651108,0.29346891,0.03793374,0.217483887,0.139109022,0.205353332,1
272,N,DISAGREEMENT,SUBJECTIVE,86,NONIRONIC,0.039434318,0.46304634,0.064119947,0.181382521,0.132630535,0.119386339,0
273,NEU,DISAGREEMENT,OBJECTIVE,91,NONIRONIC,0.087692027,0.488436714,0.062873064,0.127657316,0.119910639,0.11343024,1
274,P,DISAGREEMENT,SUBJECTIVE,86,NONIRONIC,0.048595665,0.398081759,0.119157347,0.168236575,0.179813483,0.086115171,1
275,N,AGREEMENT,OBJECTIVE,100,NONIRONIC,0.088022187,0.360837945,0.045875813,0.205882472,0.115410167,0.183971416,1
276,NEU,DISAGREEMENT,SUBJECTIVE,86,NONIRONIC,0.032684417,0.677744239,0.042710366,0.048330259,0.072582047,0.125948672,1
277,P+,AGREEMENT,SUBJECTIVE,98,NONIRONIC,0.423602946,0.126030091,0.013505972,0.069111804,0.030792814,0.336956374,1
278,N,DISAGREEMENT,SUBJECTIVE,86,NONIRONIC,0.108049657,0.295292891,0.080422117,0.212274423,0.138507797,0.165453115,0
279,NEU,DISAGREEMENT,SUBJECTIVE,76,IRONIC,0.082102307,0.08576829,0.030439458,0.214309193,0.450967743,0.13641301,0
280,P,DISAGREEMENT,SUBJECTIVE,86,NONIRONIC,0.094419291,0.233488086,0.046027302,0.234667472,0.22839921,0.162998639,0
281,N+,AGREEMENT,OBJECTIVE,100,NONIRONIC,0.17248089,0.259888513,0,0.159315701,0.132254117,0.276060779,1
282,N,DISAGREEMENT,SUBJECTIVE,83,NONIRONIC,0.028121504,0.452340156,0.083495926,0.155192238,0.223604047,0.057246129,1
283,N+,AGREEMENT,SUBJECTIVE,100,NONIRONIC,0.059212239,0.400950111,0.179036751,0.136677456,0.146663417,0.077460027,1
284,NEU,DISAGREEMENT,SUBJECTIVE,86,NONIRONIC,0.242834099,0.056720203,0.027167169,0.124671037,0.079892929,0.468714563,0
285,N,DISAGREEMENT,SUBJECTIVE,84,IRONIC,0.256059944,0.137592057,0.025062718,0.173254445,0.106687645,0.301343192,1
286,P,DISAGREEMENT,SUBJECTIVE,86,NONIRONIC,0.111251706,0.344440583,0.046861326,0.143495086,0.156486524,0.197464775,1
287,NEU,DISAGREEMENT,SUBJECTIVE,86,NONIRONIC,0.073257333,0.346523415,0.089015707,0.200017775,0.190668966,0.100516805,0
288,NEU,DISAGREEMENT,SUBJECTIVE,86,NONIRONIC,0.048798303,0.184493725,0.180013222,0.218542243,0.279681268,0.088471239,1
289,P,DISAGREEMENT,SUBJECTIVE,86,NONIRONIC,0.135932995,0.148995839,0.118323723,0.220957567,0.149170663,0.226619214,0
290,P,AGREEMENT,OBJECTIVE,92,NONIRONIC,0.108136017,0.244245778,0.065551148,0.24840136,0.193278665,0.140387033,1
291,N,DISAGREEMENT,SUBJECTIVE,74,IRONIC,0.103028218,0.211837546,0.031990242,0.17836419,0.159579003,0.315200801,1
292,P,DISAGREEMENT,SUBJECTIVE,86,NONIRONIC,0.316081153,0.157450174,0.02136383,0.123497242,0.090447382,0.291160219,1
293,N,DISAGREEMENT,OBJECTIVE,86,NONIRONIC,0.087647717,0.211514739,0.091108043,0.26559229,0.247883547,0.096253666,0
294,NEU,DISAGREEMENT,SUBJECTIVE,86,NONIRONIC,0.019402432,0.513369051,0.080978018,0.184196222,0.158393025,0.043661252,1
295,P,AGREEMENT,SUBJECTIVE,92,NONIRONIC,0.041680206,0.552826543,0.129593129,0.082961016,0.135832568,0.057106538,1
296,N,DISAGREEMENT,SUBJECTIVE,91,NONIRONIC,0.127340769,0.259032904,0.025939478,0.10978163,0.201195074,0.276710144,0
297,P,DISAGREEMENT,SUBJECTIVE,86,NONIRONIC,0.055910037,0.292735182,0.072659159,0.116460693,0.404422145,0.057812784,1
298,NEU,DISAGREEMENT,SUBJECTIVE,86,NONIRONIC,0.260190569,0.107387062,0.038675722,0.154727764,0.150108995,0.288909888,1
299,P,DISAGREEMENT,SUBJECTIVE,94,NONIRONIC,0.287488383,0.099233216,0.017248652,0.131832334,0.059533833,0.40466358,1
300,N,DISAGREEMENT,SUBJECTIVE,86,NONIRONIC,0.336929206,0.154263371,0.042229973,0.123569184,0.089623835,0.253384431,1
301,P,DISAGREEMENT,SUBJECTIVE,86,NONIRONIC,0.02552513,0.584971068,0.097169124,0.111345642,0.134392084,0.046596952,1
302,P,DISAGREEMENT,SUBJECTIVE,86,NONIRONIC,0.169412176,0.128829634,0.030727436,0.241144509,0.234544892,0.195341352,0
303,P,AGREEMENT,SUBJECTIVE,98,NONIRONIC,0.174633179,0.17259939,0.070737491,0.188694887,0.20542241,0.187912642,1
304,P,AGREEMENT,SUBJECTIVE,100,NONIRONIC,0.277984216,0.229451537,0,0.121959898,0.091164747,0.279439603,1
305,N,DISAGREEMENT,SUBJECTIVE,86,NONIRONIC,0.127078476,0.085766183,0.015600941,0.09261213,0.064323503,0.614618768,1
306,N,AGREEMENT,SUBJECTIVE,100,NONIRONIC,0.133452729,0.187087845,0.18118009,0.169810865,0.224077796,0.104390675,1
307,NEU,DISAGREEMENT,SUBJECTIVE,76,IRONIC,0.106287464,0.353403392,0.085758907,0.192474767,0.127669015,0.134406456,1
308,NEU,DISAGREEMENT,SUBJECTIVE,73,IRONIC,0.15071785,0.304922937,0.075615889,0.123364485,0.158132574,0.187246266,1
309,NEU,DISAGREEMENT,SUBJECTIVE,86,NONIRONIC,0.040492559,0.287154536,0.029515715,0.184935318,0.388502292,0.06939958,0
310,P,DISAGREEMENT,SUBJECTIVE,74,IRONIC,0.19406192,0.17247085,0.032645156,0.246208181,0.127782911,0.226830984,0
311,N,DISAGREEMENT,SUBJECTIVE,84,NONIRONIC,0.079161863,0.349534375,0.055890118,0.176657937,0.149028924,0.189726783,0
312,N,DISAGREEMENT,SUBJECTIVE,86,NONIRONIC,0.035909568,0.429945654,0.129463218,0.151389964,0.181959479,0.071332117,1
313,NEU,DISAGREEMENT,SUBJECTIVE,86,NONIRONIC,0.172586145,0.21316955,0.047930665,0.127553557,0.095543679,0.343216404,0
314,P,DISAGREEMENT,SUBJECTIVE,76,IRONIC,0.21690417,0.120105711,0.112088458,0.23993174,0.105531675,0.205438248,0
315,P,DISAGREEMENT,SUBJECTIVE,86,NONIRONIC,0.399104379,0.032273368,0.008748177,0.111516758,0.09241695,0.355940367,0
316,P,DISAGREEMENT,SUBJECTIVE,86,NONIRONIC,0.097793684,0.320745846,0.061875017,0.150531106,0.102043443,0.267010904,0
317,NEU,DISAGREEMENT,SUBJECTIVE,86,NONIRONIC,0.240088742,0.1497387,0.024914484,0.13095401,0.047040964,0.407263101,1
318,N,DISAGREEMENT,SUBJECTIVE,86,NONIRONIC,0.03378251,0.174859502,0.02946594,0.447923538,0.257944573,0.056023938,0
319,P,DISAGREEMENT,SUBJECTIVE,86,NONIRONIC,0.234986204,0.156277524,0.061456588,0.137106144,0.093447027,0.316726512,1
320,NEU,DISAGREEMENT,SUBJECTIVE,86,NONIRONIC,0.299278742,0.042371249,0.125836552,0.095178892,0.016083378,0.421251188,0
321,P,AGREEMENT,SUBJECTIVE,100,NONIRONIC,0.140970306,0.270729418,0.07934674,0.176988135,0.14060218,0.191363221,0
322,P,DISAGREEMENT,SUBJECTIVE,83,NONIRONIC,0.135381415,0.35115008,0,0.085974289,0.058537726,0.36895649,1
323,NEU,DISAGREEMENT,SUBJECTIVE,94,NONIRONIC,0.054784996,0.271904138,0.168370462,0.213087584,0.179355546,0.112497275,0
324,P,DISAGREEMENT,SUBJECTIVE,86,NONIRONIC,0.111760974,0.344554335,0.068448538,0.119311666,0.143892209,0.212032278,1
325,NEU,DISAGREEMENT,SUBJECTIVE,83,NONIRONIC,0.08840436,0.139539889,0.020327543,0.051510646,0.050330829,0.649886733,0
326,P,DISAGREEMENT,SUBJECTIVE,86,NONIRONIC,0.21142902,0.101024946,0.129365723,0.140699684,0.244533326,0.172947301,0
327,P,DISAGREEMENT,SUBJECTIVE,84,NONIRONIC,0.069171646,0.248865724,0.034359514,0.143250466,0.45004946,0.054303192,1
328,P,DISAGREEMENT,SUBJECTIVE,91,NONIRONIC,0.352287897,0.12035865,0.061002197,0.107763095,0.088231179,0.270356983,1
329,N,AGREEMENT,OBJECTIVE,100,NONIRONIC,0.094539849,0.303969572,0.027865122,0.25450064,0.192054225,0.127070591,1
330,P,DISAGREEMENT,OBJECTIVE,91,NONIRONIC,0.094570589,0.224549044,0.086927119,0.234285652,0.069901058,0.289766538,1
331,N,DISAGREEMENT,OBJECTIVE,94,NONIRONIC,0.13480857,0.269638342,0.032793516,0.151926003,0.114720605,0.296112964,1
332,NEU,DISAGREEMENT,SUBJECTIVE,76,IRONIC,0.120795604,0.303548794,0.058590326,0.161655472,0.124071856,0.231337948,0
333,NEU,DISAGREEMENT,SUBJECTIVE,86,NONIRONIC,0.078511717,0.378427652,0.062257121,0.174005353,0.169892306,0.136905851,1
334,N,DISAGREEMENT,SUBJECTIVE,86,NONIRONIC,0.152134735,0.274780252,0.032554387,0.117050716,0.115536434,0.307943476,1
335,NEU,DISAGREEMENT,SUBJECTIVE,76,IRONIC,0.152786125,0.253612665,0.073707362,0.158848966,0.201105019,0.159939863,1
336,NEU,DISAGREEMENT,SUBJECTIVE,94,NONIRONIC,0.079504161,0.342942273,0.110339969,0.193744057,0.137699096,0.135770445,0
337,P,DISAGREEMENT,SUBJECTIVE,86,NONIRONIC,0.18747799,0.15784446,0.122013563,0.187864717,0.138407787,0.206391483,1
338,N,DISAGREEMENT,SUBJECTIVE,94,NONIRONIC,0.10402502,0.307976184,0.084594797,0.18260726,0.133313542,0.187483197,1
339,N,DISAGREEMENT,SUBJECTIVE,91,NONIRONIC,0.023314727,0.624128219,0.065154828,0.122710653,0.107444771,0.057246802,1
340,P,DISAGREEMENT,OBJECTIVE,86,NONIRONIC,0.301519582,0.203732267,0,0.130016606,0.147828427,0.216903118,1
341,N,DISAGREEMENT,SUBJECTIVE,83,NONIRONIC,0.185294165,0.279761267,0.042392736,0.157640196,0.176562497,0.158349139,0
342,NEU,DISAGREEMENT,SUBJECTIVE,91,NONIRONIC,0.114682606,0.263142174,0.199704788,0.150747265,0.151919818,0.11980335,0
